0.00506853067095847
0.00433703996937052
0.00195660551587547
0.00134381591968454
0.00243458925434493
0.00196058806448348
0.000982810581483737
0.00175775931043934
0.00270889887919854
0.00249090016458093
0.00153453470625513
-0.000463238190084771
-0.00283952748975641
-0.0039584527019253
-0.00444986276614251
-0.00522787035075154
-0.0052524831614334
-0.00478423296612404
-0.00506668303135218
-0.00482931206472099
-0.00328889416135504
-0.00257945779947498
-0.00305216887355698
-0.00268718038043708
-0.00139373315964971
0.000181382205677049
0.00228327416483146
0.00394817404873259
0.00450942729579542
0.00458616759409893
0.00332841904643776
0.00115012160186235
0.00141879366846404
0.00351902311393724
0.00360976703264969
0.00275353867805934
0.00322189024127989
0.0031356162714502
0.00237030849712489
0.00355055453328355
0.00581685441641961
0.00625630184159265
0.00428098848422116
0.00136234403140201
-0.000170010964054968
0.000213973646446788
0.000117137835981825
-0.00122908310727014
-0.0019516138533283
-0.00204370385836678
-0.0025136584426011
-0.00199971147874545
0.000340729612970867
0.00185416222430539
0.00023969558757983
-0.00260643887467415
-0.00406200899745594
-0.00484715936764631
-0.00579272245351497
-0.00548906328803681
-0.00410147185361495
-0.00315734134396754
-0.00231762237343423
-0.00183538597369089
-0.00280978051322516
-0.00339676255615111
-0.00202854193200073
-0.000962243659803754
-0.00160960291405103
-0.00244025539480798
-0.00245278769667504
-0.00200344373607618
-0.00155340070900368
-0.00127493521797138
-0.00172687003573636
-0.00393886787182246
-0.00649573279171396
-0.00644641400051389
-0.00508989535589004
-0.00527667907512249
-0.00536578068044968
-0.00327636976547501
0.000122601349914114
0.00304177597249447
0.002590076419202
-0.00117584019111185
-0.00287940345148703
-0.00119931470449543
0.000411772937276264
0.00250866070482937
0.00518927302027046
0.00536461213287693
0.00441265639808782
0.00400826315715941
0.00270042595898883
0.00326878601833712
0.00628275558731538
0.00572943546165871
0.00301538417316453
0.00323064769232268