-0.00409163234830044
-0.00204490035005272
-0.00126669381982444
-0.00229354018149212
-0.00297103811883691
-0.0024993950038855
-0.00205719735341422
-0.00286990214665723
-0.00414213502352859
-0.00398756253709669
-0.00261259443034022
-0.00128076874172567
0.000545932875730188
0.00287096389988362
0.00363309620323476
0.00291800090844913
0.00325534610118339
0.00452021813654587
0.00496524785291922
0.00562093275735
0.00721336540758219
0.00709958803715383
0.00460621589008906
0.00336399922881224
0.00501202074930369
0.00687318283260581
0.00718003506774937
0.00697173379048509
0.00643983740975123
0.00448116527357182
0.00240985114876542
0.00272649904322216
0.0039654749853425
0.00329904643390505
0.00225310659001783
0.00237308851817537
0.000941442121415801
-0.00248854281995416
-0.00402063874888937
-0.00293668246021677
-0.00233505362149563
-0.00323002772039538
-0.00413688783605608
-0.00390739106105488
-0.00304768365448979
-0.00303043050545774
-0.00356483605766804
-0.00327159850513508
-0.00293364254841555
-0.00306594485774227
-0.00190556453136209
0.000165554602604419
0.000950424637272208
0.00118273397698214
0.00191252211004486
0.00156182400212526
-1.9731172330253E-05
-0.00087496809946569
-0.000852318753998441
-0.00106720367790768
-0.00146511211158919
-0.00123433710988457
0.000160565186309867
0.00195757607370408
0.00238788962415212
0.00154444410280629
0.00123587942558568
0.0010770989802833
-0.00074705808106791
-0.00327281165414989
-0.00401478254922687
-0.00275089526965105
-0.00104993677978863
-0.00018377804373135
9.89162082694767E-05
0.00135519209917275
0.00300954459847676
0.0024221372498412
0.00101301568005151
0.00224888579142121
0.00358756153743134
0.00152410655983318
-0.000722187776620625
-0.000250096966274936
0.00098004652483732
0.00183484226941695
0.00146288125391791
-0.00146032182353917
-0.00329112032337576
-0.00058295428484876
0.00236021053629862
0.00200825026934575
0.00100669670389134
0.000205817700697748
-0.0016652158758755
-0.00289887230325909
-0.00282443718872495
-0.00379872860477184
-0.00570643152916102
-0.00590626588679988